  0.100000001      0.981000066    
  0.200000003       1.94686127    
  0.300000012       2.89781713    
  0.400000006       3.83409786    
  0.500000000       4.75592995    
  0.600000024       5.66353607    
  0.700000048       6.55713606    
  0.800000072       7.43694592    
  0.900000095       8.30317879    
   1.00000012       9.15604305    
   1.10000014       9.99574661    
   1.20000017       10.8224916    
   1.30000019       11.6364784    
   1.40000021       12.4379034    
   1.50000024       13.2269602    
   1.60000026       14.0038404    
   1.70000029       14.7687321    
   1.80000031       15.5218201    
   1.90000033       16.2632866    
   2.00000024       16.9933090    
   2.10000014       17.7120667    
   2.20000005       18.4197330    
   2.29999995       19.1164780    
   2.39999986       19.8024712    
   2.49999976       20.4778767    
   2.59999967       21.1428604    
   2.69999957       21.7975826    
   2.79999948       22.4421997    
   2.89999938       23.0768700    
   2.99999928       23.7017460    
   3.09999919       24.3169785    
   3.19999909       24.9227161    
   3.29999900       25.5191059    
   3.39999890       26.1062927    
   3.49999881       26.6844177    
   3.59999871       27.2536221    
   3.69999862       27.8140411    
   3.79999852       28.3658123    
   3.89999843       28.9090691    
   3.99999833       29.4439411    
   4.09999847       29.9705601    
   4.19999838       30.4890518    
   4.29999828       30.9995422    
   4.39999819       31.5021534    
   4.49999809       31.9970093    
   4.59999800       32.4842300    
   4.69999790       32.9639320    
   4.79999781       33.4362297    
   4.89999771       33.9012375    
   4.99999762       34.3590698    
   5.09999752       34.8098373    
   5.19999743       35.2536469    
   5.29999733       35.6906090    
   5.39999723       36.1208267    
   5.49999714       36.5444069    
   5.59999704       36.9614487    
   5.69999695       37.3720551    
   5.79999685       37.7763252    
   5.89999676       38.1743584    
   5.99999666       38.5662460    
   6.09999657       38.9520874    
   6.19999647       39.3319740    
   6.29999638       39.7059975    
   6.39999628       40.0742493    
   6.49999619       40.4368210    
   6.59999609       40.7937965    
   6.69999599       41.1452637    
   6.79999590       41.4913063    
   6.89999580       41.8320084    
   6.99999571       42.1674538    
   7.09999561       42.4977226    
   7.19999552       42.8228951    
   7.29999542       43.1430473    
   7.39999533       43.4582596    
   7.49999523       43.7686081    
   7.59999514       44.0741653    
   7.69999504       44.3750076    
   7.79999495       44.6712074    
   7.89999485       44.9628372    
   7.99999475       45.2499657    
   8.09999466       45.5326653    
   8.19999504       45.8110008    
   8.29999542       46.0850410    
   8.39999580       46.3548508    
   8.49999619       46.6204987    
   8.59999657       46.8820457    
   8.69999695       47.1395569    
   8.79999733       47.3930931    
   8.89999771       47.6427193    
   8.99999809       47.8884926    
   9.09999847       48.1304741    
   9.19999886       48.3687210    
   9.29999924       48.6032906    
   9.39999962       48.8342400    
   9.50000000       49.0616264    
   9.60000038       49.2855034    
   9.70000076       49.5059242    
   9.80000114       49.7229424    
   9.90000153       49.9366112    
   10.0000019       50.1469841    
   10.1000023       50.3541107    
   10.2000027       50.5580406    
   10.3000031       50.7588234    
   10.4000034       50.9565086    
   10.5000038       51.1511421    
   10.6000042       51.3427734    
   10.7000046       51.5314484    
   10.8000050       51.7172089    
   10.9000053       51.9001045    
   11.0000057       52.0801773    
   11.1000061       52.2574692    
   11.2000065       52.4320259    
   11.3000069       52.6038895    
   11.4000072       52.7731018    
   11.5000076       52.9397011    
   11.6000080       53.1037292    
   11.7000084       53.2652283    
   11.8000088       53.4242325    
   11.9000092       53.5807838    
   12.0000095       53.7349205    
   12.1000099       53.8866768    
   12.2000103       54.0360909    
   12.3000107       54.1832008    
   12.4000111       54.3280411    
   12.5000114       54.4706459    
   12.6000118       54.6110497    
   12.7000122       54.7492867    
   12.8000126       54.8853912    
   12.9000130       55.0193939    
   13.0000134       55.1513290    
   13.1000137       55.2812271    
   13.2000141       55.4091225    
   13.3000145       55.5350418    
   13.4000149       55.6590195    
   13.5000153       55.7810822    
   13.6000156       55.9012642    
   13.7000160       56.0195923    
   13.8000164       56.1360931    
   13.9000168       56.2507973    
   14.0000172       56.3637314    
   14.1000175       56.4749222    
   14.2000179       56.5843964    
   14.3000183       56.6921806    
   14.4000187       56.7983017    
   14.5000191       56.9027863    
   14.6000195       57.0056572    
   14.7000198       57.1069412    
   14.8000202       57.2066612    
   14.9000206       57.3048439    
   15.0000210       57.4015083    
   15.1000214       57.4966812    
   15.2000217       57.5903854    
   15.3000221       57.6826439    
   15.4000225       57.7734795    
   15.5000229       57.8629150    
   15.6000233       57.9509697    
   15.7000237       58.0376663    
   15.8000240       58.1230240    
   15.9000244       58.2070656    
   16.0000248       58.2898102    
   16.1000252       58.3712769    
   16.2000256       58.4514847    
   16.3000259       58.5304565    
   16.4000263       58.6082077    
   16.5000267       58.6847610    
   16.6000271       58.7601318    
   16.7000275       58.8343391    
   16.8000278       58.9074020    
   16.9000282       58.9793358    
   17.0000286       59.0501595    
   17.1000290       59.1198921    
   17.2000294       59.1885490    
   17.3000298       59.2561455    
   17.4000301       59.3227005    
   17.5000305       59.3882256    
   17.6000309       59.4527397    
   17.7000313       59.5162582    
   17.8000317       59.5787964    
   17.9000320       59.6403694    
   18.0000324       59.7009926    
   18.1000328       59.7606812    
   18.2000332       59.8194504    
   18.3000336       59.8773117    
   18.4000340       59.9342804    
   18.5000343       59.9903679    
   18.6000347       60.0455894    
   18.7000351       60.0999603    
   18.8000355       60.1534920    
   18.9000359       60.2061958    
   19.0000362       60.2580872    
   19.1000366       60.3091774    
   19.2000370       60.3594818    
   19.3000374       60.4090080    
   19.4000378       60.4577713    
   19.5000381       60.5057793    
   19.6000385       60.5530472    
   19.7000389       60.5995865    
   19.8000393       60.6454086    
   19.9000397       60.6905212    
   20.0000401       60.7349396    
   20.1000404       60.7786713    
   20.2000408       60.8217278    
   20.3000412       60.8641205    
   20.4000416       60.9058609    
   20.5000420       60.9469566    
   20.6000423       60.9874191    
   20.7000427       61.0272560    
   20.8000431       61.0664787    
   20.9000435       61.1050949    
   21.0000439       61.1431160    
   21.1000443       61.1805496    
   21.2000446       61.2174072    
   21.3000450       61.2536926    
   21.4000454       61.2894211    
   21.5000458       61.3245964    
   21.6000462       61.3592300    
   21.7000465       61.3933296    
   21.8000469       61.4269028    
   21.9000473       61.4599571    
   22.0000477       61.4925003    
   22.1000481       61.5245438    
   22.2000484       61.5560913    
   22.3000488       61.5871506    
   22.4000492       61.6177330    
   22.5000496       61.6478424    
   22.6000500       61.6774864    
   22.7000504       61.7066727    
   22.8000507       61.7354088    
   22.9000511       61.7637024    
   23.0000515       61.7915573    
   23.1000519       61.8189850    
   23.2000523       61.8459892    
   23.3000526       61.8725777    
   23.4000530       61.8987541    
   23.5000534       61.9245262    
   23.6000538       61.9499016    
   23.7000542       61.9748840    
   23.8000546       61.9994812    
   23.9000549       62.0237007    
   24.0000553       62.0475464    
   24.1000557       62.0710220    
   24.2000561       62.0941353    
   24.3000565       62.1168938    
   24.4000568       62.1393013    
   24.5000572       62.1613617    
   24.6000576       62.1830826    
   24.7000580       62.2044678    
   24.8000584       62.2255211    
   24.9000587       62.2462502    
   25.0000591       62.2666588    
   25.1000595       62.2867546    
   25.2000599       62.3065376    
   25.3000603       62.3260155    
   25.4000607       62.3451958    
   25.5000610       62.3640785    
   25.6000614       62.3826714    
   25.7000618       62.4009743    
   25.8000622       62.4189949    
   25.9000626       62.4367371    
   26.0000629       62.4542084    
   26.1000633       62.4714088    
   26.2000637       62.4883423    
   26.3000641       62.5050163    
   26.4000645       62.5214310    
   26.5000648       62.5375938    
   26.6000652       62.5535088    
   26.7000656       62.5691757    
   26.8000660       62.5846024    
   26.9000664       62.5997925    
   27.0000668       62.6147461    
   27.1000671       62.6294708    
   27.2000675       62.6439667    
   27.3000679       62.6582375    
   27.4000683       62.6722908    
   27.5000687       62.6861267    
   27.6000690       62.6997490    
   27.7000694       62.7131615    
   27.8000698       62.7263641    
   27.9000702       62.7393646    
   28.0000706       62.7521629    
   28.1000710       62.7647667    
   28.2000713       62.7771759    
   28.3000717       62.7893906    
   28.4000721       62.8014183    
   28.5000725       62.8132591    
   28.6000729       62.8249207    
   28.7000732       62.8363991    
   28.8000736       62.8477020    
   28.9000740       62.8588295    
   29.0000744       62.8697853    
   29.1000748       62.8805733    
   29.2000751       62.8911934    
   29.3000755       62.9016495    
   29.4000759       62.9119453    
   29.5000763       62.9220810    
   29.6000767       62.9320602    
   29.7000771       62.9418869    
   29.8000774       62.9515610    
   29.9000778       62.9610863    
   30.0000782       62.9704628    
   30.1000786       62.9796982    
   30.2000790       62.9887886    
   30.3000793       62.9977379    
   30.4000797       63.0065498    
   30.5000801       63.0152283    
   30.6000805       63.0237694    
   30.7000809       63.0321808    
   30.8000813       63.0404625    
   30.9000816       63.0486145    
   31.0000820       63.0566406    
   31.1000824       63.0645447    
   31.2000828       63.0723267    
   31.3000832       63.0799866    
   31.4000835       63.0875282    
   31.5000839       63.0949554    
   31.6000843       63.1022682    
   31.7000847       63.1094666    
   31.8000851       63.1165543    
   31.9000854       63.1235352    
   32.0000839       63.1304054    
   32.1000824       63.1371689    
   32.2000809       63.1438293    
   32.3000793       63.1503868    
   32.4000778       63.1568451    
   32.5000763       63.1632042    
   32.6000748       63.1694641    
   32.7000732       63.1756287    
   32.8000717       63.1816978    
   32.9000702       63.1876717    
   33.0000687       63.1935539    
   33.1000671       63.1993446    
   33.2000656       63.2050476    
   33.3000641       63.2106628    
   33.4000626       63.2161903    
   33.5000610       63.2216301    
   33.6000595       63.2269859    
   33.7000580       63.2322617    
   33.8000565       63.2374535    
   33.9000549       63.2425652    
   34.0000534       63.2476006    
   34.1000519       63.2525558    
   34.2000504       63.2574348    
   34.3000488       63.2622414    
   34.4000473       63.2669716    
   34.5000458       63.2716293    
   34.6000443       63.2762146    
   34.7000427       63.2807312    
   34.8000412       63.2851753    
   34.9000397       63.2895508    
   35.0000381       63.2938614    
   35.1000366       63.2981033    
   35.2000351       63.3022804    
   35.3000336       63.3063927    
   35.4000320       63.3104439    
   35.5000305       63.3144302    
   35.6000290       63.3183556    
   35.7000275       63.3222198    
   35.8000259       63.3260269    
   35.9000244       63.3297729    
   36.0000229       63.3334618    
   36.1000214       63.3370934    
   36.2000198       63.3406677    
   36.3000183       63.3441887    
   36.4000168       63.3476562    
   36.5000153       63.3510704    
   36.6000137       63.3544312    
   36.7000122       63.3577385    
   36.8000107       63.3609962    
   36.9000092       63.3642044    
   37.0000076       63.3673630    
   37.1000061       63.3704720    
   37.2000046       63.3735313    
   37.3000031       63.3765450    
   37.4000015       63.3795128    
   37.5000000       63.3824348    
   37.5999985       63.3853111    
   37.6999969       63.3881416    
   37.7999954       63.3909302    
   37.8999939       63.3936768    
   37.9999924       63.3963776    
   38.0999908       63.3990402    
   38.1999893       63.4016609    
   38.2999878       63.4042397    
   38.3999863       63.4067802    
   38.4999847       63.4092789    
   38.5999832       63.4117393    
   38.6999817       63.4141617    
   38.7999802       63.4165497    
   38.8999786       63.4188995    
   38.9999771       63.4212112    
   39.0999756       63.4234886    
   39.1999741       63.4257317    
   39.2999725       63.4279404    
   39.3999710       63.4301147    
   39.4999695       63.4322548    
   39.5999680       63.4343605    
   39.6999664       63.4364357    
   39.7999649       63.4384766    
   39.8999634       63.4404869    
   39.9999619       63.4424667    
   40.0999603       63.4444160    
   40.1999588       63.4463348    
   40.2999573       63.4482231    
   40.3999557       63.4500847    
   40.4999542       63.4519157    
   40.5999527       63.4537201    
   40.6999512       63.4554977    
   40.7999496       63.4572449    
   40.8999481       63.4589653    
   40.9999466       63.4606590    
   41.0999451       63.4623260    
   41.1999435       63.4639702    
   41.2999420       63.4655876    
   41.3999405       63.4671822    
   41.4999390       63.4687500    
   41.5999374       63.4702950    
   41.6999359       63.4718170    
   41.7999344       63.4733124    
   41.8999329       63.4747849    
   41.9999313       63.4762344    
   42.0999298       63.4776611    
   42.1999283       63.4790688    
   42.2999268       63.4804535    
   42.3999252       63.4818153    
   42.4999237       63.4831581    
   42.5999222       63.4844780    
   42.6999207       63.4857788    
   42.7999191       63.4870605    
   42.8999176       63.4883232    
   42.9999161       63.4895668    
   43.0999146       63.4907913    
   43.1999130       63.4919968    
   43.2999115       63.4931831    
   43.3999100       63.4943504    
   43.4999084       63.4954987    
   43.5999069       63.4966316    
   43.6999054       63.4977455    
   43.7999039       63.4988403    
   43.8999023       63.4999199    
   43.9999008       63.5009842    
   44.0998993       63.5020294    
   44.1998978       63.5030594    
   44.2998962       63.5040741    
   44.3998947       63.5050735    
   44.4998932       63.5060577    
   44.5998917       63.5070267    
   44.6998901       63.5079803    
   44.7998886       63.5089188    
   44.8998871       63.5098419    
   44.9998856       63.5107536    
   45.0998840       63.5116501    
   45.1998825       63.5125313    
   45.2998810       63.5134010    
   45.3998795       63.5142555    
   45.4998779       63.5150986    
   45.5998764       63.5159264    
   45.6998749       63.5167427    
   45.7998734       63.5175476    
   45.8998718       63.5183372    
   45.9998703       63.5191154    
   46.0998688       63.5198822    
   46.1998672       63.5206375    
   46.2998657       63.5213814    
   46.3998642       63.5221138    
   46.4998627       63.5228348    
   46.5998611       63.5235443    
   46.6998596       63.5242424    
   46.7998581       63.5249290    
   46.8998566       63.5256042    
   46.9998550       63.5262718    
   47.0998535       63.5269279    
   47.1998520       63.5275726    
   47.2998505       63.5282097    
   47.3998489       63.5288353    
   47.4998474       63.5294533    
   47.5998459       63.5300598    
   47.6998444       63.5306587    
   47.7998428       63.5312462    
   47.8998413       63.5318260    
   47.9998398       63.5323982    
   48.0998383       63.5329590    
   48.1998367       63.5335121    
   48.2998352       63.5340576    
   48.3998337       63.5345955    
   48.4998322       63.5351219    
   48.5998306       63.5356407    
   48.6998291       63.5361519    
   48.7998276       63.5366554    
   48.8998260       63.5371513    
   48.9998245       63.5376396    
   49.0998230       63.5381203    
   49.1998215       63.5385933    
   49.2998199       63.5390587    
   49.3998184       63.5395164    
   49.4998169       63.5399666    
   49.5998154       63.5404129    
   49.6998138       63.5408516    
   49.7998123       63.5412827    
   49.8998108       63.5417061    
   49.9998093       63.5421257    
   50.0998077       63.5425377    
   50.1998062       63.5429420    
   50.2998047       63.5433426    
   50.3998032       63.5437355    
   50.4998016       63.5441208    
   50.5998001       63.5445023    
   50.6997986       63.5448761    
   50.7997971       63.5452461    
   50.8997955       63.5456085    
   50.9997940       63.5459671    
   51.0997925       63.5463181    
   51.1997910       63.5466652    
   51.2997894       63.5470085    
   51.3997879       63.5473442    
   51.4997864       63.5476761    
   51.5997849       63.5480003    
   51.6997833       63.5483208    
   51.7997818       63.5486374    
   51.8997803       63.5489502    
   51.9997787       63.5492554    
   52.0997772       63.5495567    
   52.1997757       63.5498543    
   52.2997742       63.5501480    
   52.3997726       63.5504341    
   52.4997711       63.5507164    
   52.5997696       63.5509949    
   52.6997681       63.5512695    
   52.7997665       63.5515404    
   52.8997650       63.5518074    
   52.9997635       63.5520706    
   53.0997620       63.5523300    
   53.1997604       63.5525856    
   53.2997589       63.5528374    
   53.3997574       63.5530853    
   53.4997559       63.5533295    
   53.5997543       63.5535698    
   53.6997528       63.5538063    
   53.7997513       63.5540390    
   53.8997498       63.5542679    
   53.9997482       63.5544930    
   54.0997467       63.5547142    
   54.1997452       63.5549316    
   54.2997437       63.5551453    
   54.3997421       63.5553551    
   54.4997406       63.5555611    
   54.5997391       63.5557671    
   54.6997375       63.5559692    
   54.7997360       63.5561676    
   54.8997345       63.5563622    
   54.9997330       63.5565529    
   55.0997314       63.5567436    
   55.1997299       63.5569305    
   55.2997284       63.5571136    
   55.3997269       63.5572929    
   55.4997253       63.5574722    
   55.5997238       63.5576477    
   55.6997223       63.5578194    
   55.7997208       63.5579872    
   55.8997192       63.5581551    
   55.9997177       63.5583191    
   56.0997162       63.5584793    
   56.1997147       63.5586395    
   56.2997131       63.5587959    
   56.3997116       63.5589485    
   56.4997101       63.5591011    
   56.5997086       63.5592499    
   56.6997070       63.5593987    
   56.7997055       63.5595436    
   56.8997040       63.5596848    
   56.9997025       63.5598259    
   57.0997009       63.5599632    
   57.1996994       63.5601006    
   57.2996979       63.5602341    
   57.3996964       63.5603676    
   57.4996948       63.5604973    
   57.5996933       63.5606270    
   57.6996918       63.5607529    
   57.7996902       63.5608788    
   57.8996887       63.5610008    
   57.9996872       63.5611229    
   58.0996857       63.5612411    
   58.1996841       63.5613594    
   58.2996826       63.5614738    
   58.3996811       63.5615883    
   58.4996796       63.5616989    
   58.5996780       63.5618095    
   58.6996765       63.5619164    
   58.7996750       63.5620232    
   58.8996735       63.5621262    
   58.9996719       63.5622292    
   59.0996704       63.5623322    
   59.1996689       63.5624313    
   59.2996674       63.5625305    
   59.3996658       63.5626259    
   59.4996643       63.5627213    
   59.5996628       63.5628166    
   59.6996613       63.5629082    
   59.7996597       63.5629997    
   59.8996582       63.5630875    
   59.9996567       63.5631752    
   60.0996552       63.5632629    
   60.1996536       63.5633469    
   60.2996521       63.5634308    
   60.3996506       63.5635147    
   60.4996490       63.5635948    
   60.5996475       63.5636749    
   60.6996460       63.5637550    
   60.7996445       63.5638313    
   60.8996429       63.5639076    
   60.9996414       63.5639839    
   61.0996399       63.5640564    
   61.1996384       63.5641289    
   61.2996368       63.5642014    
   61.3996353       63.5642738    
   61.4996338       63.5643425    
   61.5996323       63.5644112    
   61.6996307       63.5644798    
   61.7996292       63.5645447    
   61.8996277       63.5646095    
   61.9996262       63.5646744    
   62.0996246       63.5647392    
   62.1996231       63.5648003    
   62.2996216       63.5648613    
   62.3996201       63.5649223    
   62.4996185       63.5649834    
   62.5996170       63.5650406    
   62.6996155       63.5650978    
   62.7996140       63.5651550    
   62.8996124       63.5652122    
   62.9996109       63.5652695    
   63.0996094       63.5653229    
   63.1996078       63.5653763    
   63.2996063       63.5654297    
   63.3996048       63.5654831    
   63.4996033       63.5655327    
   63.5996017       63.5655823    
   63.6996002       63.5656319    
   63.7995987       63.5656815    
   63.8995972       63.5657310    
   63.9995956       63.5657768    
   64.0995941       63.5658226    
   64.1995926       63.5658684    
   64.2995911       63.5659142    
   64.3995895       63.5659599    
   64.4995880       63.5660019    
   64.5995865       63.5660439    
   64.6995850       63.5660858    
   64.7995834       63.5661278    
   64.8995819       63.5661697    
   64.9995804       63.5662117    
   65.0995789       63.5662498    
   65.1995773       63.5662880    
   65.2995758       63.5663261    
   65.3995743       63.5663643    
   65.4995728       63.5664024    
   65.5995712       63.5664406    
   65.6995697       63.5664787    
   65.7995682       63.5665131    
   65.8995667       63.5665474    
   65.9995651       63.5665817    
   66.0995636       63.5666161    
   66.1995621       63.5666504    
   66.2995605       63.5666847    
   66.3995590       63.5667191    
   66.4995575       63.5667496    
   66.5995560       63.5667801    
   66.6995544       63.5668106    
   66.7995529       63.5668411    
   66.8995514       63.5668716    
   66.9995499       63.5669022    
   67.0995483       63.5669327    
   67.1995468       63.5669632    
   67.2995453       63.5669899    
   67.3995438       63.5670166    
   67.4995422       63.5670433    
   67.5995407       63.5670700    
   67.6995392       63.5670967    
   67.7995377       63.5671234    
   67.8995361       63.5671501    
   67.9995346       63.5671768    
   68.0995331       63.5672035    
   68.1995316       63.5672264    
   68.2995300       63.5672493    
   68.3995285       63.5672722    
   68.4995270       63.5672951    
   68.5995255       63.5673180    
   68.6995239       63.5673409    
   68.7995224       63.5673637    
   68.8995209       63.5673866    
   68.9995193       63.5674095    
   69.0995178       63.5674324    
   69.1995163       63.5674553    
   69.2995148       63.5674744    
   69.3995132       63.5674934    
   69.4995117       63.5675125    
   69.5995102       63.5675316    
   69.6995087       63.5675507    
   69.7995071       63.5675697    
   69.8995056       63.5675888    
   69.9995041       63.5676079    
   70.0995026       63.5676270    
   70.1995010       63.5676460    
   70.2994995       63.5676651    
   70.3994980       63.5676842    
   70.4994965       63.5677032    
   70.5994949       63.5677185    
   70.6994934       63.5677338    
   70.7994919       63.5677490    
   70.8994904       63.5677643    
   70.9994888       63.5677795    
   71.0994873       63.5677948    
   71.1994858       63.5678101    
   71.2994843       63.5678253    
   71.3994827       63.5678406    
   71.4994812       63.5678558    
   71.5994797       63.5678711    
   71.6994781       63.5678864    
   71.7994766       63.5679016    
   71.8994751       63.5679169    
   71.9994736       63.5679321    
   72.0994720       63.5679474    
   72.1994705       63.5679588    
   72.2994690       63.5679703    
   72.3994675       63.5679817    
   72.4994659       63.5679932    
   72.5994644       63.5680046    
   72.6994629       63.5680161    
   72.7994614       63.5680275    
   72.8994598       63.5680389    
   72.9994583       63.5680504    
   73.0994568       63.5680618    
   73.1994553       63.5680733    
   73.2994537       63.5680847    
   73.3994522       63.5680962    
   73.4994507       63.5681076    
   73.5994492       63.5681190    
   73.6994476       63.5681305    
   73.7994461       63.5681419    
   73.8994446       63.5681534    
   73.9994431       63.5681648    
   74.0994415       63.5681763    
   74.1994400       63.5681877    
   74.2994385       63.5681992    
   74.3994370       63.5682068    
   74.4994354       63.5682144    
   74.5994339       63.5682220    
   74.6994324       63.5682297    
   74.7994308       63.5682373    
   74.8994293       63.5682449    
   74.9994278       63.5682526    
   75.0994263       63.5682602    
   75.1994247       63.5682678    
   75.2994232       63.5682755    
   75.3994217       63.5682831    
   75.4994202       63.5682907    
   75.5994186       63.5682983    
   75.6994171       63.5683060    
   75.7994156       63.5683136    
   75.8994141       63.5683212    
   75.9994125       63.5683289    
   76.0994110       63.5683365    
   76.1994095       63.5683441    
   76.2994080       63.5683517    
   76.3994064       63.5683594    
   76.4994049       63.5683670    
   76.5994034       63.5683746    
   76.6994019       63.5683823    
   76.7994003       63.5683899    
   76.8993988       63.5683975    
   76.9993973       63.5684052    
   77.0993958       63.5684128    
   77.1993942       63.5684204    
   77.2993927       63.5684280    
   77.3993912       63.5684357    
   77.4993896       63.5684433    
   77.5993881       63.5684471    
   77.6993866       63.5684509    
   77.7993851       63.5684547    
   77.8993835       63.5684586    
   77.9993820       63.5684624    
   78.0993805       63.5684662    
   78.1993790       63.5684700    
   78.2993774       63.5684738    
   78.3993759       63.5684776    
   78.4993744       63.5684814    
   78.5993729       63.5684853    
   78.6993713       63.5684891    
   78.7993698       63.5684929    
   78.8993683       63.5684967    
   78.9993668       63.5685005    
   79.0993652       63.5685043    
   79.1993637       63.5685081    
   79.2993622       63.5685120    
   79.3993607       63.5685158    
   79.4993591       63.5685196    
   79.5993576       63.5685234    
   79.6993561       63.5685272    
   79.7993546       63.5685310    
   79.8993530       63.5685349    
   79.9993515       63.5685387    
   80.0993500       63.5685425    
   80.1993484       63.5685463    
   80.2993469       63.5685501    
   80.3993454       63.5685539    
   80.4993439       63.5685577    
   80.5993423       63.5685616    
   80.6993408       63.5685654    
   80.7993393       63.5685692    
   80.8993378       63.5685730    
   80.9993362       63.5685768    
   81.0993347       63.5685806    
   81.1993332       63.5685844    
   81.2993317       63.5685883    
   81.3993301       63.5685921    
   81.4993286       63.5685959    
   81.5993271       63.5685997    
   81.6993256       63.5686035    
   81.7993240       63.5686073    
   81.8993225       63.5686111    
   81.9993210       63.5686150    
   82.0993195       63.5686188    
   82.1993179       63.5686226    
   82.2993164       63.5686264    
   82.3993149       63.5686302    
   82.4993134       63.5686340    
   82.5993118       63.5686378    
   82.6993103       63.5686417    
   82.7993088       63.5686455    
   82.8993073       63.5686493    
   82.9993057       63.5686531    
   83.0993042       63.5686569    
   83.1993027       63.5686607    
   83.2993011       63.5686646    
   83.3992996       63.5686684    
   83.4992981       63.5686722    
   83.5992966       63.5686760    
   83.6992950       63.5686798    
   83.7992935       63.5686798    
   83.8992920       63.5686798    
   83.9992905       63.5686798    
   84.0992889       63.5686798    
   84.1992874       63.5686798    
   84.2992859       63.5686798    
   84.3992844       63.5686798    
   84.4992828       63.5686798    
   84.5992813       63.5686798    
   84.6992798       63.5686798    
   84.7992783       63.5686798    
   84.8992767       63.5686798    
   84.9992752       63.5686798    
   85.0992737       63.5686798    
   85.1992722       63.5686798    
   85.2992706       63.5686798    
   85.3992691       63.5686798    
   85.4992676       63.5686798    
   85.5992661       63.5686798    
   85.6992645       63.5686798    
   85.7992630       63.5686798    
   85.8992615       63.5686798    
   85.9992599       63.5686798    
   86.0992584       63.5686798    
   86.1992569       63.5686798    
   86.2992554       63.5686798    
   86.3992538       63.5686798    
   86.4992523       63.5686798    
   86.5992508       63.5686798    
   86.6992493       63.5686798    
   86.7992477       63.5686798    
   86.8992462       63.5686798    
   86.9992447       63.5686798    
   87.0992432       63.5686798    
   87.1992416       63.5686798    
   87.2992401       63.5686798    
   87.3992386       63.5686798    
   87.4992371       63.5686798    
   87.5992355       63.5686798    
   87.6992340       63.5686798    
   87.7992325       63.5686798    
   87.8992310       63.5686798    
   87.9992294       63.5686798    
   88.0992279       63.5686798    
   88.1992264       63.5686798    
   88.2992249       63.5686798    
   88.3992233       63.5686798    
   88.4992218       63.5686798    
   88.5992203       63.5686798    
   88.6992188       63.5686798    
   88.7992172       63.5686798    
   88.8992157       63.5686798    
   88.9992142       63.5686798    
   89.0992126       63.5686798    
   89.1992111       63.5686798    
   89.2992096       63.5686798    
   89.3992081       63.5686798    
   89.4992065       63.5686798    
   89.5992050       63.5686798    
   89.6992035       63.5686798    
   89.7992020       63.5686798    
   89.8992004       63.5686798    
   89.9991989       63.5686798    
   90.0991974       63.5686798    
   90.1991959       63.5686798    
   90.2991943       63.5686798    
   90.3991928       63.5686798    
   90.4991913       63.5686798    
   90.5991898       63.5686798    
   90.6991882       63.5686798    
   90.7991867       63.5686798    
   90.8991852       63.5686798    
   90.9991837       63.5686798    
   91.0991821       63.5686798    
   91.1991806       63.5686798    
   91.2991791       63.5686798    
   91.3991776       63.5686798    
   91.4991760       63.5686798    
   91.5991745       63.5686798    
   91.6991730       63.5686798    
   91.7991714       63.5686798    
   91.8991699       63.5686798    
   91.9991684       63.5686798    
   92.0991669       63.5686798    
   92.1991653       63.5686798    
   92.2991638       63.5686798    
   92.3991623       63.5686798    
   92.4991608       63.5686798    
   92.5991592       63.5686798    
   92.6991577       63.5686798    
   92.7991562       63.5686798    
   92.8991547       63.5686798    
   92.9991531       63.5686798    
   93.0991516       63.5686798    
   93.1991501       63.5686798    
   93.2991486       63.5686798    
   93.3991470       63.5686798    
   93.4991455       63.5686798    
   93.5991440       63.5686798    
   93.6991425       63.5686798    
   93.7991409       63.5686798    
   93.8991394       63.5686798    
   93.9991379       63.5686798    
   94.0991364       63.5686798    
   94.1991348       63.5686798    
   94.2991333       63.5686798    
   94.3991318       63.5686798    
   94.4991302       63.5686798    
   94.5991287       63.5686798    
   94.6991272       63.5686798    
   94.7991257       63.5686798    
   94.8991241       63.5686798    
   94.9991226       63.5686798    
   95.0991211       63.5686798    
   95.1991196       63.5686798    
   95.2991180       63.5686798    
   95.3991165       63.5686798    
   95.4991150       63.5686798    
   95.5991135       63.5686798    
   95.6991119       63.5686798    
   95.7991104       63.5686798    
   95.8991089       63.5686798    
   95.9991074       63.5686798    
   96.0991058       63.5686798    
   96.1991043       63.5686798    
   96.2991028       63.5686798    
   96.3991013       63.5686798    
   96.4990997       63.5686798    
   96.5990982       63.5686798    
   96.6990967       63.5686798    
   96.7990952       63.5686798    
   96.8990936       63.5686798    
   96.9990921       63.5686798    
   97.0990906       63.5686798    
   97.1990891       63.5686798    
   97.2990875       63.5686798    
   97.3990860       63.5686798    
   97.4990845       63.5686798    
   97.5990829       63.5686798    
   97.6990814       63.5686798    
   97.7990799       63.5686798    
   97.8990784       63.5686798    
   97.9990768       63.5686798    
   98.0990753       63.5686798    
   98.1990738       63.5686798    
   98.2990723       63.5686798    
   98.3990707       63.5686798    
   98.4990692       63.5686798    
   98.5990677       63.5686798    
   98.6990662       63.5686798    
   98.7990646       63.5686798    
   98.8990631       63.5686798    
   98.9990616       63.5686798    
   99.0990601       63.5686798    
   99.1990585       63.5686798    
   99.2990570       63.5686798    
   99.3990555       63.5686798    
   99.4990540       63.5686798    
   99.5990524       63.5686798    
   99.6990509       63.5686798    
   99.7990494       63.5686798    
   99.8990479       63.5686798    
   99.9990463       63.5686798    
   100.099045       63.5686798    
   100.199043       63.5686798    
   100.299042       63.5686798    
   100.399040       63.5686798    
   100.499039       63.5686798    
   100.599037       63.5686798    
   100.699036       63.5686798    
   100.799034       63.5686798    
   100.899033       63.5686798    
   100.999031       63.5686798    
   101.099030       63.5686798    
   101.199028       63.5686798    
   101.299026       63.5686798    
   101.399025       63.5686798    
   101.499023       63.5686798    
   101.599022       63.5686798    
   101.699020       63.5686798    
   101.799019       63.5686798    
   101.899017       63.5686798    
   101.999016       63.5686798    
   102.099014       63.5686798    
   102.199013       63.5686798    
   102.299011       63.5686798    
   102.399010       63.5686798    
   102.499008       63.5686798    
   102.599007       63.5686798    
   102.699005       63.5686798    
   102.799004       63.5686798    
   102.899002       63.5686798    
   102.999001       63.5686798    
   103.098999       63.5686798    
   103.198997       63.5686798    
   103.298996       63.5686798    
   103.398994       63.5686798    
   103.498993       63.5686798    
   103.598991       63.5686798    
   103.698990       63.5686798    
   103.798988       63.5686798    
   103.898987       63.5686798    
   103.998985       63.5686798    
   104.098984       63.5686798    
   104.198982       63.5686798    
   104.298981       63.5686798    
   104.398979       63.5686798    
   104.498978       63.5686798    
   104.598976       63.5686798    
   104.698975       63.5686798    
   104.798973       63.5686798    
   104.898972       63.5686798    
   104.998970       63.5686798    
   105.098969       63.5686798    
   105.198967       63.5686798    
   105.298965       63.5686798    
   105.398964       63.5686798    
   105.498962       63.5686798    
   105.598961       63.5686798    
   105.698959       63.5686798    
   105.798958       63.5686798    
   105.898956       63.5686798    
   105.998955       63.5686798    
   106.098953       63.5686798    
   106.198952       63.5686798    
   106.298950       63.5686798    
   106.398949       63.5686798    
   106.498947       63.5686798    
   106.598946       63.5686798    
   106.698944       63.5686798    
   106.798943       63.5686798    
   106.898941       63.5686798    
   106.998940       63.5686798    
   107.098938       63.5686798    
   107.198936       63.5686798    
   107.298935       63.5686798    
   107.398933       63.5686798    
   107.498932       63.5686798    
   107.598930       63.5686798    
   107.698929       63.5686798    
   107.798927       63.5686798    
   107.898926       63.5686798    
   107.998924       63.5686798    
   108.098923       63.5686798    
   108.198921       63.5686798    
   108.298920       63.5686798    
   108.398918       63.5686798    
   108.498917       63.5686798    
   108.598915       63.5686798    
   108.698914       63.5686798    
   108.798912       63.5686798    
   108.898911       63.5686798    
   108.998909       63.5686798    
   109.098907       63.5686798    
   109.198906       63.5686798    
   109.298904       63.5686798    
   109.398903       63.5686798    
   109.498901       63.5686798    
   109.598900       63.5686798    
   109.698898       63.5686798    
   109.798897       63.5686798    
   109.898895       63.5686798    
   109.998894       63.5686798    
   110.098892       63.5686798    
   110.198891       63.5686798    
   110.298889       63.5686798    
   110.398888       63.5686798    
   110.498886       63.5686798    
   110.598885       63.5686798    
   110.698883       63.5686798    
   110.798882       63.5686798    
   110.898880       63.5686798    
   110.998878       63.5686798    
   111.098877       63.5686798    
   111.198875       63.5686798    
   111.298874       63.5686798    
   111.398872       63.5686798    
   111.498871       63.5686798    
   111.598869       63.5686798    
   111.698868       63.5686798    
   111.798866       63.5686798    
   111.898865       63.5686798    
   111.998863       63.5686798    
   112.098862       63.5686798    
   112.198860       63.5686798    
   112.298859       63.5686798    
   112.398857       63.5686798    
   112.498856       63.5686798    
   112.598854       63.5686798    
   112.698853       63.5686798    
   112.798851       63.5686798    
   112.898849       63.5686798    
   112.998848       63.5686798    
   113.098846       63.5686798    
   113.198845       63.5686798    
   113.298843       63.5686798    
   113.398842       63.5686798    
   113.498840       63.5686798    
   113.598839       63.5686798    
   113.698837       63.5686798    
   113.798836       63.5686798    
   113.898834       63.5686798    
   113.998833       63.5686798    
   114.098831       63.5686798    
   114.198830       63.5686798    
   114.298828       63.5686798    
   114.398827       63.5686798    
   114.498825       63.5686798    
   114.598824       63.5686798    
   114.698822       63.5686798    
   114.798820       63.5686798    
   114.898819       63.5686798    
   114.998817       63.5686798    
   115.098816       63.5686798    
   115.198814       63.5686798    
   115.298813       63.5686798    
   115.398811       63.5686798    
   115.498810       63.5686798    
   115.598808       63.5686798    
   115.698807       63.5686798    
   115.798805       63.5686798    
   115.898804       63.5686798    
   115.998802       63.5686798    
   116.098801       63.5686798    
   116.198799       63.5686798    
   116.298798       63.5686798    
   116.398796       63.5686798    
   116.498795       63.5686798    
   116.598793       63.5686798    
   116.698792       63.5686798    
   116.798790       63.5686798    
   116.898788       63.5686798    
   116.998787       63.5686798    
   117.098785       63.5686798    
   117.198784       63.5686798    
   117.298782       63.5686798    
   117.398781       63.5686798    
   117.498779       63.5686798    
   117.598778       63.5686798    
   117.698776       63.5686798    
   117.798775       63.5686798    
   117.898773       63.5686798    
   117.998772       63.5686798    
   118.098770       63.5686798    
   118.198769       63.5686798    
   118.298767       63.5686798    
   118.398766       63.5686798    
   118.498764       63.5686798    
   118.598763       63.5686798    
   118.698761       63.5686798    
   118.798759       63.5686798    
   118.898758       63.5686798    
   118.998756       63.5686798    
   119.098755       63.5686798    
   119.198753       63.5686798    
   119.298752       63.5686798    
   119.398750       63.5686798    
   119.498749       63.5686798    
   119.598747       63.5686798    
   119.698746       63.5686798    
   119.798744       63.5686798    
   119.898743       63.5686798    
   119.998741       63.5686798    
   120.098740       63.5686798    
   120.198738       63.5686798    
   120.298737       63.5686798    
   120.398735       63.5686798    
   120.498734       63.5686798    
   120.598732       63.5686798    
   120.698730       63.5686798    
   120.798729       63.5686798    
   120.898727       63.5686798    
   120.998726       63.5686798    
   121.098724       63.5686798    
   121.198723       63.5686798    
   121.298721       63.5686798    
   121.398720       63.5686798    
   121.498718       63.5686798    
   121.598717       63.5686798    
   121.698715       63.5686798    
   121.798714       63.5686798    
   121.898712       63.5686798    
   121.998711       63.5686798    
   122.098709       63.5686798    
   122.198708       63.5686798    
   122.298706       63.5686798    
   122.398705       63.5686798    
   122.498703       63.5686798    
   122.598701       63.5686798    
   122.698700       63.5686798    
   122.798698       63.5686798    
   122.898697       63.5686798    
   122.998695       63.5686798    
   123.098694       63.5686798    
   123.198692       63.5686798    
   123.298691       63.5686798    
   123.398689       63.5686798    
   123.498688       63.5686798    
   123.598686       63.5686798    
   123.698685       63.5686798    
   123.798683       63.5686798    
   123.898682       63.5686798    
   123.998680       63.5686798    
   124.098679       63.5686798    
   124.198677       63.5686798    
   124.298676       63.5686798    
   124.398674       63.5686798    
   124.498672       63.5686798    
   124.598671       63.5686798    
   124.698669       63.5686798    
   124.798668       63.5686798    
   124.898666       63.5686798    
   124.998665       63.5686798    
   125.098663       63.5686798    
   125.198662       63.5686798    
   125.298660       63.5686798    
   125.398659       63.5686798    
   125.498657       63.5686798    
   125.598656       63.5686798    
   125.698654       63.5686798    
   125.798653       63.5686798    
   125.898651       63.5686798    
   125.998650       63.5686798    
   126.098648       63.5686798    
   126.198647       63.5686798    
   126.298645       63.5686798    
   126.398643       63.5686798    
   126.498642       63.5686798    
   126.598640       63.5686798    
   126.698639       63.5686798    
   126.798637       63.5686798    
   126.898636       63.5686798    
   126.998634       63.5686798    
   127.098633       63.5686798    
   127.198631       63.5686798    
   127.298630       63.5686798    
   127.398628       63.5686798    
   127.498627       63.5686798    
   127.598625       63.5686798    
   127.698624       63.5686798    
   127.798622       63.5686798    
   127.898621       63.5686798    
   127.998619       63.5686798    
   128.098618       63.5686798    
   128.198624       63.5686798    
   128.298630       63.5686798    
   128.398636       63.5686798    
   128.498642       63.5686798    
   128.598648       63.5686798    
   128.698654       63.5686798    
   128.798660       63.5686798    
   128.898666       63.5686798    
   128.998672       63.5686798    
   129.098679       63.5686798    
   129.198685       63.5686798    
   129.298691       63.5686798    
   129.398697       63.5686798    
   129.498703       63.5686798    
   129.598709       63.5686798    
   129.698715       63.5686798    
   129.798721       63.5686798    
   129.898727       63.5686798    
   129.998734       63.5686798    
   130.098740       63.5686798    
   130.198746       63.5686798    
   130.298752       63.5686798    
   130.398758       63.5686798    
   130.498764       63.5686798    
   130.598770       63.5686798    
   130.698776       63.5686798    
   130.798782       63.5686798    
   130.898788       63.5686798    
   130.998795       63.5686798    
   131.098801       63.5686798    
   131.198807       63.5686798    
   131.298813       63.5686798    
   131.398819       63.5686798    
   131.498825       63.5686798    
   131.598831       63.5686798    
   131.698837       63.5686798    
   131.798843       63.5686798    
   131.898849       63.5686798    
   131.998856       63.5686798    
   132.098862       63.5686798    
   132.198868       63.5686798    
   132.298874       63.5686798    
   132.398880       63.5686798    
   132.498886       63.5686798    
   132.598892       63.5686798    
   132.698898       63.5686798    
   132.798904       63.5686798    
   132.898911       63.5686798    
   132.998917       63.5686798    
   133.098923       63.5686798    
   133.198929       63.5686798    
   133.298935       63.5686798    
   133.398941       63.5686798    
   133.498947       63.5686798    
   133.598953       63.5686798    
   133.698959       63.5686798    
   133.798965       63.5686798    
   133.898972       63.5686798    
   133.998978       63.5686798    
   134.098984       63.5686798    
   134.198990       63.5686798    
   134.298996       63.5686798    
   134.399002       63.5686798    
   134.499008       63.5686798    
   134.599014       63.5686798    
   134.699020       63.5686798    
   134.799026       63.5686798    
   134.899033       63.5686798    
   134.999039       63.5686798    
   135.099045       63.5686798    
   135.199051       63.5686798    
   135.299057       63.5686798    
   135.399063       63.5686798    
   135.499069       63.5686798    
   135.599075       63.5686798    
   135.699081       63.5686798    
   135.799088       63.5686798    
   135.899094       63.5686798    
   135.999100       63.5686798    
   136.099106       63.5686798    
   136.199112       63.5686798    
   136.299118       63.5686798    
   136.399124       63.5686798    
   136.499130       63.5686798    
   136.599136       63.5686798    
   136.699142       63.5686798    
   136.799149       63.5686798    
   136.899155       63.5686798    
   136.999161       63.5686798    
   137.099167       63.5686798    
   137.199173       63.5686798    
   137.299179       63.5686798    
   137.399185       63.5686798    
   137.499191       63.5686798    
   137.599197       63.5686798    
   137.699203       63.5686798    
   137.799210       63.5686798    
   137.899216       63.5686798    
   137.999222       63.5686798    
   138.099228       63.5686798    
   138.199234       63.5686798    
   138.299240       63.5686798    
   138.399246       63.5686798    
   138.499252       63.5686798    
   138.599258       63.5686798    
   138.699265       63.5686798    
   138.799271       63.5686798    
   138.899277       63.5686798    
   138.999283       63.5686798    
   139.099289       63.5686798    
   139.199295       63.5686798    
   139.299301       63.5686798    
   139.399307       63.5686798    
   139.499313       63.5686798    
   139.599319       63.5686798    
   139.699326       63.5686798    
   139.799332       63.5686798    
   139.899338       63.5686798    
   139.999344       63.5686798    
   140.099350       63.5686798    
   140.199356       63.5686798    
   140.299362       63.5686798    
   140.399368       63.5686798    
   140.499374       63.5686798    
   140.599380       63.5686798    
   140.699387       63.5686798    
   140.799393       63.5686798    
   140.899399       63.5686798    
   140.999405       63.5686798    
   141.099411       63.5686798    
   141.199417       63.5686798    
   141.299423       63.5686798    
   141.399429       63.5686798    
   141.499435       63.5686798    
   141.599442       63.5686798    
   141.699448       63.5686798    
   141.799454       63.5686798    
   141.899460       63.5686798    
   141.999466       63.5686798    
   142.099472       63.5686798    
   142.199478       63.5686798    
   142.299484       63.5686798    
   142.399490       63.5686798    
   142.499496       63.5686798    
   142.599503       63.5686798    
   142.699509       63.5686798    
   142.799515       63.5686798    
   142.899521       63.5686798    
   142.999527       63.5686798    
   143.099533       63.5686798    
   143.199539       63.5686798    
   143.299545       63.5686798    
   143.399551       63.5686798    
   143.499557       63.5686798    
   143.599564       63.5686798    
   143.699570       63.5686798    
   143.799576       63.5686798    
   143.899582       63.5686798    
   143.999588       63.5686798    
   144.099594       63.5686798    
   144.199600       63.5686798    
   144.299606       63.5686798    
   144.399612       63.5686798    
   144.499619       63.5686798    
   144.599625       63.5686798    
   144.699631       63.5686798    
   144.799637       63.5686798    
   144.899643       63.5686798    
   144.999649       63.5686798    
   145.099655       63.5686798    
   145.199661       63.5686798    
   145.299667       63.5686798    
   145.399673       63.5686798    
   145.499680       63.5686798    
   145.599686       63.5686798    
   145.699692       63.5686798    
   145.799698       63.5686798    
   145.899704       63.5686798    
   145.999710       63.5686798    
   146.099716       63.5686798    
   146.199722       63.5686798    
   146.299728       63.5686798    
   146.399734       63.5686798    
   146.499741       63.5686798    
   146.599747       63.5686798    
   146.699753       63.5686798    
   146.799759       63.5686798    
   146.899765       63.5686798    
   146.999771       63.5686798    
   147.099777       63.5686798    
   147.199783       63.5686798    
   147.299789       63.5686798    
   147.399796       63.5686798    
   147.499802       63.5686798    
   147.599808       63.5686798    
   147.699814       63.5686798    
   147.799820       63.5686798    
   147.899826       63.5686798    
   147.999832       63.5686798    
   148.099838       63.5686798    
   148.199844       63.5686798    
   148.299850       63.5686798    
   148.399857       63.5686798    
   148.499863       63.5686798    
   148.599869       63.5686798    
   148.699875       63.5686798    
   148.799881       63.5686798    
   148.899887       63.5686798    
   148.999893       63.5686798    
   149.099899       63.5686798    
   149.199905       63.5686798    
   149.299911       63.5686798    
   149.399918       63.5686798    
   149.499924       63.5686798    
   149.599930       63.5686798    
   149.699936       63.5686798    
   149.799942       63.5686798    
   149.899948       63.5686798    
   149.999954       63.5686798    
   150.099960       63.5686798    
   150.199966       63.5686798    
   150.299973       63.5686798    
   150.399979       63.5686798    
   150.499985       63.5686798    
   150.599991       63.5686798    
   150.699997       63.5686798    
   150.800003       63.5686798    
   150.900009       63.5686798    
   151.000015       63.5686798    
   151.100021       63.5686798    
   151.200027       63.5686798    
   151.300034       63.5686798    
   151.400040       63.5686798    
   151.500046       63.5686798    
   151.600052       63.5686798    
   151.700058       63.5686798    
   151.800064       63.5686798    
   151.900070       63.5686798    
   152.000076       63.5686798    
   152.100082       63.5686798    
   152.200089       63.5686798    
   152.300095       63.5686798    
   152.400101       63.5686798    
   152.500107       63.5686798    
   152.600113       63.5686798    
   152.700119       63.5686798    
   152.800125       63.5686798    
   152.900131       63.5686798    
   153.000137       63.5686798    
   153.100143       63.5686798    
   153.200150       63.5686798    
   153.300156       63.5686798    
   153.400162       63.5686798    
   153.500168       63.5686798    
   153.600174       63.5686798    
   153.700180       63.5686798    
   153.800186       63.5686798    
   153.900192       63.5686798    
   154.000198       63.5686798    
   154.100204       63.5686798    
   154.200211       63.5686798    
   154.300217       63.5686798    
   154.400223       63.5686798    
   154.500229       63.5686798    
   154.600235       63.5686798    
   154.700241       63.5686798    
   154.800247       63.5686798    
   154.900253       63.5686798    
   155.000259       63.5686798    
   155.100266       63.5686798    
   155.200272       63.5686798    
   155.300278       63.5686798    
   155.400284       63.5686798    
   155.500290       63.5686798    
   155.600296       63.5686798    
   155.700302       63.5686798    
   155.800308       63.5686798    
   155.900314       63.5686798    
   156.000320       63.5686798    
   156.100327       63.5686798    
   156.200333       63.5686798    
   156.300339       63.5686798    
   156.400345       63.5686798    
   156.500351       63.5686798    
   156.600357       63.5686798    
   156.700363       63.5686798    
   156.800369       63.5686798    
   156.900375       63.5686798    
   157.000381       63.5686798    
   157.100388       63.5686798    
   157.200394       63.5686798    
   157.300400       63.5686798    
   157.400406       63.5686798    
   157.500412       63.5686798    
   157.600418       63.5686798    
   157.700424       63.5686798    
   157.800430       63.5686798    
   157.900436       63.5686798    
   158.000443       63.5686798    
   158.100449       63.5686798    
   158.200455       63.5686798    
   158.300461       63.5686798    
   158.400467       63.5686798    
   158.500473       63.5686798    
   158.600479       63.5686798    
   158.700485       63.5686798    
   158.800491       63.5686798    
   158.900497       63.5686798    
   159.000504       63.5686798    
   159.100510       63.5686798    
   159.200516       63.5686798    
   159.300522       63.5686798    
   159.400528       63.5686798    
   159.500534       63.5686798    
   159.600540       63.5686798    
   159.700546       63.5686798    
   159.800552       63.5686798    
   159.900558       63.5686798    
   160.000565       63.5686798    
   160.100571       63.5686798    
   160.200577       63.5686798    
   160.300583       63.5686798    
   160.400589       63.5686798    
   160.500595       63.5686798    
   160.600601       63.5686798    
   160.700607       63.5686798    
   160.800613       63.5686798    
   160.900620       63.5686798    
   161.000626       63.5686798    
   161.100632       63.5686798    
   161.200638       63.5686798    
   161.300644       63.5686798    
   161.400650       63.5686798    
   161.500656       63.5686798    
   161.600662       63.5686798    
   161.700668       63.5686798    
   161.800674       63.5686798    
   161.900681       63.5686798    
   162.000687       63.5686798    
   162.100693       63.5686798    
   162.200699       63.5686798    
   162.300705       63.5686798    
   162.400711       63.5686798    
   162.500717       63.5686798    
   162.600723       63.5686798    
   162.700729       63.5686798    
   162.800735       63.5686798    
   162.900742       63.5686798    
   163.000748       63.5686798    
   163.100754       63.5686798    
   163.200760       63.5686798    
   163.300766       63.5686798    
   163.400772       63.5686798    
   163.500778       63.5686798    
   163.600784       63.5686798    
   163.700790       63.5686798    
   163.800797       63.5686798    
   163.900803       63.5686798    
   164.000809       63.5686798    
   164.100815       63.5686798    
   164.200821       63.5686798    
   164.300827       63.5686798    
   164.400833       63.5686798    
   164.500839       63.5686798    
   164.600845       63.5686798    
   164.700851       63.5686798    
   164.800858       63.5686798    
   164.900864       63.5686798    
   165.000870       63.5686798    
   165.100876       63.5686798    
   165.200882       63.5686798    
   165.300888       63.5686798    
   165.400894       63.5686798    
   165.500900       63.5686798    
   165.600906       63.5686798    
   165.700912       63.5686798    
   165.800919       63.5686798    
   165.900925       63.5686798    
   166.000931       63.5686798    
   166.100937       63.5686798    
   166.200943       63.5686798    
   166.300949       63.5686798    
   166.400955       63.5686798    
   166.500961       63.5686798    
   166.600967       63.5686798    
   166.700974       63.5686798    
   166.800980       63.5686798    
   166.900986       63.5686798    
   167.000992       63.5686798    
   167.100998       63.5686798    
   167.201004       63.5686798    
   167.301010       63.5686798    
   167.401016       63.5686798    
   167.501022       63.5686798    
   167.601028       63.5686798    
   167.701035       63.5686798    
   167.801041       63.5686798    
   167.901047       63.5686798    
   168.001053       63.5686798    
   168.101059       63.5686798    
   168.201065       63.5686798    
   168.301071       63.5686798    
   168.401077       63.5686798    
   168.501083       63.5686798    
   168.601089       63.5686798    
   168.701096       63.5686798    
   168.801102       63.5686798    
   168.901108       63.5686798    
   169.001114       63.5686798    
   169.101120       63.5686798    
   169.201126       63.5686798    
   169.301132       63.5686798    
   169.401138       63.5686798    
   169.501144       63.5686798    
   169.601151       63.5686798    
   169.701157       63.5686798    
   169.801163       63.5686798    
   169.901169       63.5686798    
   170.001175       63.5686798    
   170.101181       63.5686798    
   170.201187       63.5686798    
   170.301193       63.5686798    
   170.401199       63.5686798    
   170.501205       63.5686798    
   170.601212       63.5686798    
   170.701218       63.5686798    
   170.801224       63.5686798    
   170.901230       63.5686798    
   171.001236       63.5686798    
   171.101242       63.5686798    
   171.201248       63.5686798    
   171.301254       63.5686798    
   171.401260       63.5686798    
   171.501266       63.5686798    
   171.601273       63.5686798    
   171.701279       63.5686798    
   171.801285       63.5686798    
   171.901291       63.5686798    
   172.001297       63.5686798    
   172.101303       63.5686798    
   172.201309       63.5686798    
   172.301315       63.5686798    
   172.401321       63.5686798    
   172.501328       63.5686798    
   172.601334       63.5686798    
   172.701340       63.5686798    
   172.801346       63.5686798    
   172.901352       63.5686798    
   173.001358       63.5686798    
   173.101364       63.5686798    
   173.201370       63.5686798    
   173.301376       63.5686798    
   173.401382       63.5686798    
   173.501389       63.5686798    
   173.601395       63.5686798    
   173.701401       63.5686798    
   173.801407       63.5686798    
   173.901413       63.5686798    
   174.001419       63.5686798    
   174.101425       63.5686798    
   174.201431       63.5686798    
   174.301437       63.5686798    
   174.401443       63.5686798    
   174.501450       63.5686798    
   174.601456       63.5686798    
   174.701462       63.5686798    
   174.801468       63.5686798    
   174.901474       63.5686798    
   175.001480       63.5686798    
   175.101486       63.5686798    
   175.201492       63.5686798    
   175.301498       63.5686798    
   175.401505       63.5686798    
   175.501511       63.5686798    
   175.601517       63.5686798    
   175.701523       63.5686798    
   175.801529       63.5686798    
   175.901535       63.5686798    
   176.001541       63.5686798    
   176.101547       63.5686798    
   176.201553       63.5686798    
   176.301559       63.5686798    
   176.401566       63.5686798    
   176.501572       63.5686798    
   176.601578       63.5686798    
   176.701584       63.5686798    
   176.801590       63.5686798    
   176.901596       63.5686798    
   177.001602       63.5686798    
   177.101608       63.5686798    
   177.201614       63.5686798    
   177.301620       63.5686798    
   177.401627       63.5686798    
   177.501633       63.5686798    
   177.601639       63.5686798    
   177.701645       63.5686798    
   177.801651       63.5686798    
   177.901657       63.5686798    
   178.001663       63.5686798    
   178.101669       63.5686798    
   178.201675       63.5686798    
   178.301682       63.5686798    
   178.401688       63.5686798    
   178.501694       63.5686798    
   178.601700       63.5686798    
   178.701706       63.5686798    
   178.801712       63.5686798    
   178.901718       63.5686798    
   179.001724       63.5686798    
   179.101730       63.5686798    
   179.201736       63.5686798    
   179.301743       63.5686798    
   179.401749       63.5686798    
   179.501755       63.5686798    
   179.601761       63.5686798    
   179.701767       63.5686798    
   179.801773       63.5686798    
   179.901779       63.5686798    
   180.001785       63.5686798    
   180.101791       63.5686798    
   180.201797       63.5686798    
   180.301804       63.5686798    
   180.401810       63.5686798    
   180.501816       63.5686798    
   180.601822       63.5686798    
   180.701828       63.5686798    
   180.801834       63.5686798    
   180.901840       63.5686798    
   181.001846       63.5686798    
   181.101852       63.5686798    
   181.201859       63.5686798    
   181.301865       63.5686798    
   181.401871       63.5686798    
   181.501877       63.5686798    
   181.601883       63.5686798    
   181.701889       63.5686798    
   181.801895       63.5686798    
   181.901901       63.5686798    
   182.001907       63.5686798    
   182.101913       63.5686798    
   182.201920       63.5686798    
   182.301926       63.5686798    
   182.401932       63.5686798    
   182.501938       63.5686798    
   182.601944       63.5686798    
   182.701950       63.5686798    
   182.801956       63.5686798    
   182.901962       63.5686798    
   183.001968       63.5686798    
   183.101974       63.5686798    
   183.201981       63.5686798    
   183.301987       63.5686798    
   183.401993       63.5686798    
   183.501999       63.5686798    
   183.602005       63.5686798    
   183.702011       63.5686798    
   183.802017       63.5686798    
   183.902023       63.5686798    
   184.002029       63.5686798    
   184.102036       63.5686798    
   184.202042       63.5686798    
   184.302048       63.5686798    
   184.402054       63.5686798    
   184.502060       63.5686798    
   184.602066       63.5686798    
   184.702072       63.5686798    
   184.802078       63.5686798    
   184.902084       63.5686798    
   185.002090       63.5686798    
   185.102097       63.5686798    
   185.202103       63.5686798    
   185.302109       63.5686798    
   185.402115       63.5686798    
   185.502121       63.5686798    
   185.602127       63.5686798    
   185.702133       63.5686798    
   185.802139       63.5686798    
   185.902145       63.5686798    
   186.002151       63.5686798    
   186.102158       63.5686798    
   186.202164       63.5686798    
   186.302170       63.5686798    
   186.402176       63.5686798    
   186.502182       63.5686798    
   186.602188       63.5686798    
   186.702194       63.5686798    
   186.802200       63.5686798    
   186.902206       63.5686798    
   187.002213       63.5686798    
   187.102219       63.5686798    
   187.202225       63.5686798    
   187.302231       63.5686798    
   187.402237       63.5686798    
   187.502243       63.5686798    
   187.602249       63.5686798    
   187.702255       63.5686798    
   187.802261       63.5686798    
   187.902267       63.5686798    
   188.002274       63.5686798    
   188.102280       63.5686798    
   188.202286       63.5686798    
   188.302292       63.5686798    
   188.402298       63.5686798    
   188.502304       63.5686798    
   188.602310       63.5686798    
   188.702316       63.5686798    
   188.802322       63.5686798    
   188.902328       63.5686798    
   189.002335       63.5686798    
   189.102341       63.5686798    
   189.202347       63.5686798    
   189.302353       63.5686798    
   189.402359       63.5686798    
   189.502365       63.5686798    
   189.602371       63.5686798    
   189.702377       63.5686798    
   189.802383       63.5686798    
   189.902390       63.5686798    
   190.002396       63.5686798    
   190.102402       63.5686798    
   190.202408       63.5686798    
   190.302414       63.5686798    
   190.402420       63.5686798    
   190.502426       63.5686798    
   190.602432       63.5686798    
   190.702438       63.5686798    
   190.802444       63.5686798    
   190.902451       63.5686798    
   191.002457       63.5686798    
   191.102463       63.5686798    
   191.202469       63.5686798    
   191.302475       63.5686798    
   191.402481       63.5686798    
   191.502487       63.5686798    
   191.602493       63.5686798    
   191.702499       63.5686798    
   191.802505       63.5686798    
   191.902512       63.5686798    
   192.002518       63.5686798    
   192.102524       63.5686798    
   192.202530       63.5686798    
   192.302536       63.5686798    
   192.402542       63.5686798    
   192.502548       63.5686798    
   192.602554       63.5686798    
   192.702560       63.5686798    
   192.802567       63.5686798    
   192.902573       63.5686798    
   193.002579       63.5686798    
   193.102585       63.5686798    
   193.202591       63.5686798    
   193.302597       63.5686798    
   193.402603       63.5686798    
   193.502609       63.5686798    
   193.602615       63.5686798    
   193.702621       63.5686798    
   193.802628       63.5686798    
   193.902634       63.5686798    
   194.002640       63.5686798    
   194.102646       63.5686798    
   194.202652       63.5686798    
   194.302658       63.5686798    
   194.402664       63.5686798    
   194.502670       63.5686798    
   194.602676       63.5686798    
   194.702682       63.5686798    
   194.802689       63.5686798    
   194.902695       63.5686798    
   195.002701       63.5686798    
   195.102707       63.5686798    
   195.202713       63.5686798    
   195.302719       63.5686798    
   195.402725       63.5686798    
   195.502731       63.5686798    
   195.602737       63.5686798    
   195.702744       63.5686798    
   195.802750       63.5686798    
   195.902756       63.5686798    
   196.002762       63.5686798    
   196.102768       63.5686798    
   196.202774       63.5686798    
   196.302780       63.5686798    
   196.402786       63.5686798    
   196.502792       63.5686798    
   196.602798       63.5686798    
   196.702805       63.5686798    
   196.802811       63.5686798    
   196.902817       63.5686798    
   197.002823       63.5686798    
   197.102829       63.5686798    
   197.202835       63.5686798    
   197.302841       63.5686798    
   197.402847       63.5686798    
   197.502853       63.5686798    
   197.602859       63.5686798    
   197.702866       63.5686798    
   197.802872       63.5686798    
   197.902878       63.5686798    
   198.002884       63.5686798    
   198.102890       63.5686798    
   198.202896       63.5686798    
   198.302902       63.5686798    
   198.402908       63.5686798    
   198.502914       63.5686798    
   198.602921       63.5686798    
   198.702927       63.5686798    
   198.802933       63.5686798    
   198.902939       63.5686798    
   199.002945       63.5686798    
   199.102951       63.5686798    
   199.202957       63.5686798    
   199.302963       63.5686798    
   199.402969       63.5686798    
   199.502975       63.5686798    
   199.602982       63.5686798    
   199.702988       63.5686798    
   199.802994       63.5686798    
   199.903000       63.5686798    
