  0.100000001      0.899999976    
  0.200000003      0.800749362    
  0.300000012      0.703739405    
  0.400000006      0.610438943    
  0.500000000      0.522279799    
  0.600000024      0.440642416    
  0.700000048      0.366842091    
  0.800000072      0.302115768    
  0.900000095      0.247609764    
   1.00000012      0.204368278    
   1.10000014      0.173322946    
   1.20000017      0.155283555    
   1.30000019      0.150929928    
   1.40000021      0.160805136    
   1.50000024      0.185310110    
   1.60000026      0.224699557    
   1.70000029      0.279079527    
   1.80000031      0.348406255    
   1.90000033      0.432486594    
   2.00000024      0.530980051    
   2.10000014      0.643402100    
   2.20000005      0.769129038    
   2.29999995      0.907404244    
   2.39999986       1.05734563    
   2.49999976       1.21795464    
   2.59999967       1.38812613    
   2.69999957       1.56665945    
   2.79999948       1.75227022    
   2.89999938       1.94360352    
   2.99999928       2.13924718    
   3.09999919       2.33774614    
   3.19999909       2.53761649    
   3.29999900       2.73736072    
   3.39999890       2.93548274    
   3.49999881       3.13050246    
   3.59999871       3.32097101    
   3.69999862       3.50548482    
   3.79999852       3.68269992    
   3.89999843       3.85134530    
   3.99999833       4.01023531    
   4.09999847       4.15828228    
   4.19999838       4.29450607    
   4.29999828       4.41804552    
   4.39999819       4.52816582    
   4.49999809       4.62426615    
   4.59999800       4.70588589    
   4.69999790       4.77270889    
   4.79999781       4.82456732    
   4.89999771       4.86144257    
   4.99999762       4.88346624    
   5.09999752       4.89091730    
   5.19999743       4.88422108    
   5.29999733       4.86394405    
   5.39999723       4.83078814    
   5.49999714       4.78558445    
   5.59999704       4.72928429    
   5.69999695       4.66294956    
   5.79999685       4.58774281    
   5.89999676       4.50491524    
   5.99999666       4.41579342    
   6.09999657       4.32176781    
   6.19999647       4.22427750    
   6.29999638       4.12479639    
   6.39999628       4.02481747    
   6.49999619       3.92583966    
   6.59999609       3.82935143    
   6.69999599       3.73681641    
   6.79999590       3.64965868    
   6.89999580       3.56924868    
   6.99999571       3.49688959    
   7.09999561       3.43380380    
   7.19999552       3.38112140    
   7.29999542       3.33986807    
   7.39999533       3.31095576    
   7.49999523       3.29517293    
   7.59999514       3.29317689    
   7.69999504       3.30548716    
   7.79999495       3.33248043    
   7.89999485       3.37438631    
   7.99999475       3.43128586    
   8.09999466       3.50311017    
   8.19999504       3.58964109    
   8.29999542       3.69051361    
   8.39999580       3.80521965    
   8.49999619       3.93311238    
   8.59999657       4.07341385    
   8.69999695       4.22522163    
   8.79999733       4.38751841    
   8.89999771       4.55918217    
   8.99999809       4.73899746    
   9.09999847       4.92566681    
   9.19999886       5.11782503    
   9.29999924       5.31405163    
   9.39999962       5.51288557    
   9.50000000       5.71283960    
   9.60000038       5.91241550    
   9.70000076       6.11011887    
   9.80000114       6.30447340    
   9.90000153       6.49403715    
   10.0000019       6.67741585    
   10.1000023       6.85327625    
   10.2000027       7.02036142    
   10.3000031       7.17750072    
   10.4000034       7.32362413    
   10.5000038       7.45777130    
   10.6000042       7.57910156    
   10.7000046       7.68690157    
   10.8000050       7.78059435    
   10.9000053       7.85974312    
   11.0000057       7.92405653    
   11.1000061       7.97339201    
   11.2000065       8.00775528    
   11.3000069       8.02730370    
   11.4000072       8.03234100    
   11.5000076       8.02331638    
   11.6000080       8.00081921    
   11.7000084       7.96557474    
   11.8000088       7.91843414    
   11.9000092       7.86036825    
   12.0000095       7.79245663    
   12.1000099       7.71587753    
   12.2000103       7.63189602    
   12.3000107       7.54185057    
   12.4000111       7.44714022    
   12.5000114       7.34921122    
   12.6000118       7.24954128    
   12.7000122       7.14962626    
   12.8000126       7.05096388    
   12.9000130       6.95503950    
   13.0000134       6.86331129    
   13.1000137       6.77719498    
   13.2000141       6.69805098    
   13.3000145       6.62716961    
   13.4000149       6.56575871    
   13.5000153       6.51493120    
   13.6000156       6.47569513    
   13.7000160       6.44894171    
   13.8000164       6.43543768    
   13.9000168       6.43581772    
   14.0000172       6.45057774    
   14.1000175       6.48006964    
   14.2000179       6.52449846    
   14.3000183       6.58392000    
   14.4000187       6.65823984    
   14.5000191       6.74721527    
   14.6000195       6.85045671    
   14.7000198       6.96743202    
   14.8000202       7.09747219    
   14.9000206       7.23977757    
   15.0000210       7.39342546    
   15.1000214       7.55738068    
   15.2000217       7.73050451    
   15.3000221       7.91156673    
   15.4000225       8.09925747    
   15.5000229       8.29220104    
   15.6000233       8.48896980    
   15.7000237       8.68809700    
   15.8000240       8.88809204    
   15.9000244       9.08745670    
   16.0000248       9.28469849    
   16.1000252       9.47834587    
   16.2000256       9.66696453    
   16.3000259       9.84916878    
   16.4000263       10.0236378    
   16.5000267       10.1891270    
   16.6000271       10.3444834    
   16.7000275       10.4886541    
   16.8000278       10.6206989    
   16.9000282       10.7397966    
   17.0000286       10.8452578    
   17.1000290       10.9365282    
   17.2000294       11.0131950    
   17.3000298       11.0749922    
   17.4000301       11.1218023    
   17.5000305       11.1536560    
   17.6000309       11.1707354    
   17.7000313       11.1733694    
   17.8000317       11.1620312    
   17.9000320       11.1373339    
   18.0000324       11.1000233    
   18.1000328       11.0509720    
   18.2000332       10.9911699    
   18.3000336       10.9217138    
   18.4000340       10.8437977    
   18.5000343       10.7586994    
   18.6000347       10.6677685    
   18.7000351       10.5724134    
   18.8000355       10.4740868    
   18.9000359       10.3742704    
   19.0000362       10.2744617    
   19.1000366       10.1761570    
   19.2000370       10.0808382    
   19.3000374       9.98995686    
   19.4000378       9.90492153    
   19.5000381       9.82708073    
   19.6000385       9.75771236    
   19.7000389       9.69800854    
   19.8000393       9.64906597    
   19.9000397       9.61187267    
   20.0000401       9.58730030    
   20.1000404       9.57609367    
   20.2000408       9.57886410    
   20.3000412       9.59608364    
   20.4000416       9.62808037    
   20.5000420       9.67503357    
   20.6000423       9.73697472    
   20.7000427       9.81378365    
   20.8000431       9.90519238    
   20.9000435       10.0107870    
   21.0000439       10.1300125    
   21.1000443       10.2621775    
   21.2000446       10.4064608    
   21.3000450       10.5619202    
   21.4000454       10.7275019    
   21.5000458       10.9020510    
   21.6000462       11.0843229    
   21.7000465       11.2729959    
   21.8000469       11.4666853    
   21.9000473       11.6639547    
   22.0000477       11.8633327    
   22.1000481       12.0633268    
   22.2000484       12.2624378    
   22.3000488       12.4591770    
   22.4000492       12.6520777    
   22.5000496       12.8397112    
   22.6000500       13.0207033    
   22.7000504       13.1937447    
   22.8000507       13.3576059    
   22.9000511       13.5111504    
   23.0000515       13.6533422    
   23.1000519       13.7832603    
   23.2000523       13.9001064    
   23.3000526       14.0032129    
   23.4000530       14.0920496    
   23.5000534       14.1662273    
   23.6000538       14.2255049    
   23.7000542       14.2697897    
   23.8000546       14.2991390    
   23.9000549       14.3137589    
   24.0000553       14.3140030    
   24.1000557       14.3003683    
   24.2000561       14.2734909    
   24.3000565       14.2341394    
   24.4000568       14.1832056    
   24.5000572       14.1216984    
   24.6000576       14.0507317    
   24.7000580       13.9715147    
   24.8000584       13.8853378    
   24.9000587       13.7935619    
   25.0000591       13.6976042    
   25.1000595       13.5989227    
   25.2000599       13.4990025    
   25.3000603       13.3993425    
   25.4000607       13.3014374    
   25.5000610       13.2067652    
   25.6000614       13.1167707    
   25.7000618       13.0328541    
   25.8000622       12.9563522    
   25.9000626       12.8885298    
   26.0000629       12.8305635    
   26.1000633       12.7835331    
   26.2000637       12.7484074    
   26.3000641       12.7260370    
   26.4000645       12.7171450    
   26.5000648       12.7223196    
   26.6000652       12.7420092    
   26.7000656       12.7765160    
   26.8000660       12.8259954    
   26.9000664       12.8904524    
   27.0000668       12.9697418    
   27.1000671       13.0635719    
   27.2000675       13.1715050    
   27.3000679       13.2929611    
   27.4000683       13.4272270    
   27.5000687       13.5734615    
   27.6000690       13.7307014    
   27.7000694       13.8978767    
   27.8000698       14.0738153    
   27.9000702       14.2572594    
   28.0000706       14.4468756    
   28.1000710       14.6412697    
   28.2000713       14.8389978    
   28.3000717       15.0385847    
   28.4000721       15.2385349    
   28.5000725       15.4373503    
   28.6000729       15.6335449    
   28.7000732       15.8256569    
   28.8000736       16.0122662    
   28.9000740       16.1920090    
   29.0000744       16.3635883    
   29.1000748       16.5257893    
   29.2000751       16.6774902    
   29.3000755       16.8176765    
   29.4000759       16.9454460    
   29.5000763       17.0600224    
   29.6000767       17.1607590    
   29.7000771       17.2471504    
   29.8000774       17.3188324    
   29.9000778       17.3755875    
   30.0000782       17.4173489    
   30.1000786       17.4441986    
   30.2000790       17.4563694    
   30.3000793       17.4542389    
   30.4000797       17.4383259    
   30.5000801       17.4092903    
   30.6000805       17.3679218    
   30.7000809       17.3151340    
   30.8000813       17.2519531    
   30.9000816       17.1795101    
   31.0000820       17.0990295    
   31.1000824       17.0118141    
   31.2000828       16.9192333    
   31.3000832       16.8227139    
   31.4000835       16.7237186    
   31.5000839       16.6237373    
   31.6000843       16.5242691    
   31.7000847       16.4268055    
   31.8000851       16.3328209    
   31.9000854       16.2437534    
   32.0000839       16.1609936    
   32.1000824       16.0858669    
   32.2000809       16.0196247    
   32.3000793       15.9634266    
   32.4000778       15.9183350    
   32.5000763       15.8852997    
   32.6000748       15.8651505    
   32.7000732       15.8585873    
   32.8000717       15.8661766    
   32.9000702       15.8883410    
   33.0000687       15.9253597    
   33.1000671       15.9773617    
   33.2000656       16.0443268    
   33.3000641       16.1260853    
   33.4000626       16.2223206    
   33.5000610       16.3325710    
   33.6000595       16.4562340    
   33.7000580       16.5925732    
   33.8000565       16.7407265    
   33.9000549       16.8997135    
   34.0000534       17.0684452    
   34.1000519       17.2457352    
   34.2000504       17.4303112    
   34.3000488       17.6208286    
   34.4000473       17.8158836    
   34.5000458       18.0140285    
   34.6000443       18.2137814    
   34.7000427       18.4136467    
   34.8000412       18.6121254    
   34.9000397       18.8077354    
   35.0000381       18.9990215    
   35.1000366       19.1845722    
   35.2000351       19.3630333    
   35.3000336       19.5331211    
   35.4000320       19.6936359    
   35.5000305       19.8434753    
   35.6000290       19.9816399    
   35.7000275       20.1072483    
   35.8000259       20.2195454    
   35.9000244       20.3179092    
   36.0000229       20.4018555    
   36.1000214       20.4710464    
   36.2000198       20.5252895    
   36.3000183       20.5645428    
   36.4000168       20.5889130    
   36.5000153       20.5986576    
   36.6000137       20.5941772    
   36.7000122       20.5760174    
   36.8000107       20.5448589    
   36.9000092       20.5015125    
   37.0000076       20.4469109    
   37.1000061       20.3820972    
   37.2000046       20.3082218    
   37.3000031       20.2265205    
   37.4000015       20.1383095    
   37.5000000       20.0449696    
   37.5999985       19.9479332    
   37.6999969       19.8486691    
   37.7999954       19.7486687    
   37.8999939       19.6494312    
   37.9999924       19.5524483    
   38.0999908       19.4591866    
   38.1999893       19.3710785    
   38.2999878       19.2895050    
   38.3999863       19.2157784    
   38.4999847       19.1511364    
   38.5999832       19.0967236    
   38.6999817       19.0535851    
   38.7999802       19.0226498    
   38.8999786       19.0047264    
   38.9999771       19.0004940    
   39.0999756       19.0104942    
   39.1999741       19.0351276    
   39.2999725       19.0746460    
   39.3999710       19.1291542    
   39.4999695       19.1986084    
   39.5999680       19.2828140    
   39.6999664       19.3814297    
   39.7999649       19.4939690    
   39.8999634       19.6198063    
   39.9999619       19.7581844    
   40.0999603       19.9082203    
   40.1999588       20.0689144    
   40.2999573       20.2391624    
   40.3999557       20.4177608    
   40.4999542       20.6034260    
   40.5999527       20.7948017    
   40.6999512       20.9904747    
   40.7999496       21.1889915    
   40.8999481       21.3888664    
   40.9999466       21.5886040    
   41.0999451       21.7867069    
   41.1999435       21.9816952    
   41.2999420       22.1721191    
   41.3999405       22.3565769    
   41.4999390       22.5337257    
   41.5999374       22.7022953    
   41.6999359       22.8610992    
   41.7999344       23.0090523    
   41.8999329       23.1451740    
   41.9999313       23.2686062    
   42.0999298       23.3786125    
   42.1999283       23.4745960    
   42.2999268       23.5560951    
   42.3999252       23.6227970    
   42.4999237       23.6745338    
   42.5999222       23.7112885    
   42.6999207       23.7331924    
   42.7999191       23.7405262    
   42.8999176       23.7337170    
   42.9999161       23.7133331    
   43.0999146       23.6800766    
   43.1999130       23.6347790    
   43.2999115       23.5783939    
   43.3999100       23.5119839    
   43.4999084       23.4367104    
   43.5999069       23.3538265    
   43.6999054       23.2646599    
   43.7999039       23.1706009    
   43.8999023       23.0730896    
   43.9999008       22.9735985    
   44.0998993       22.8736210    
   44.1998978       22.7746563    
   44.2998962       22.6781940    
   44.3998947       22.5856953    
   44.4998932       22.4985847    
   44.5998917       22.4182339    
   44.6998901       22.3459435    
   44.7998886       22.2829342    
   44.8998871       22.2303371    
   44.9998856       22.1891766    
   45.0998840       22.1603642    
   45.1998825       22.1446857    
   45.2998810       22.1427994    
   45.3998795       22.1552219    
   45.4998779       22.1823292    
   45.5998764       22.2243500    
   45.6998749       22.2813644    
   45.7998734       22.3533020    
   45.8998718       22.4399452    
   45.9998703       22.5409260    
   46.0998688       22.6557350    
   46.1998672       22.7837257    
   46.2998657       22.9241180    
   46.3998642       23.0760098    
   46.4998627       23.2383823    
   46.5998611       23.4101124    
   46.6998596       23.5899849    
   46.7998581       23.7767010    
   46.8998566       23.9688950    
   46.9998550       24.1651459    
   47.0998535       24.3639927    
   47.1998520       24.5639496    
   47.2998505       24.7635174    
   47.3998489       24.9612007    
   47.4998474       25.1555252    
   47.5998459       25.3450489    
   47.6998444       25.5283775    
   47.7998428       25.7041779    
   47.8998413       25.8711948    
   47.9998398       26.0282574    
   48.0998383       26.1742973    
   48.1998367       26.3083553    
   48.2998352       26.4295902    
   48.3998337       26.5372906    
   48.4998322       26.6308804    
   48.5998306       26.7099247    
   48.6998291       26.7741318    
   48.7998276       26.8233604    
   48.8998260       26.8576183    
   48.9998245       26.8770618    
   49.0998230       26.8819981    
   49.1998215       26.8728771    
   49.2998199       26.8502884    
   49.3998184       26.8149567    
   49.4998169       26.7677364    
   49.5998154       26.7095985    
   49.6998138       26.6416225    
   49.7998123       26.5649872    
   49.8998108       26.4809589    
   49.9998093       26.3908768    
   50.0998077       26.2961388    
   50.1998062       26.1981926    
   50.2998047       26.0985165    
   50.3998032       25.9986057    
   50.4998016       25.8999577    
   50.5998001       25.8040562    
   50.6997986       25.7123604    
   50.7997971       25.6262875    
   50.8997955       25.5471954    
   50.9997940       25.4763737    
   51.0997925       25.4150295    
   51.1997910       25.3642769    
   51.2997894       25.3251209    
   51.3997879       25.2984524    
   51.4997864       25.2850380    
   51.5997849       25.2855110    
   51.6997833       25.3003674    
   51.7997818       25.3299561    
   51.8997803       25.3744831    
   51.9997787       25.4340019    
   52.0997772       25.5084171    
   52.1997757       25.5974865    
   52.2997742       25.7008190    
   52.3997726       25.8178806    
   52.4997711       25.9480019    
   52.5997696       26.0903835    
   52.6997681       26.2441006    
   52.7997665       26.4081173    
   52.8997650       26.5812950    
   52.9997635       26.7624035    
   53.0997620       26.9501324    
   53.1997604       27.1431046    
   53.2997589       27.3398933    
   53.3997574       27.5390301    
   53.4997559       27.7390251    
   53.5997543       27.9383812    
   53.6997528       28.1356049    
   53.7997513       28.3292255    
   53.8997498       28.5178089    
   53.9997482       28.6999702    
   54.0997467       28.8743877    
   54.1997452       29.0398197    
   54.2997437       29.1951122    
   54.3997421       29.3392124    
   54.4997406       29.4711819    
   54.5997391       29.5902004    
   54.6997375       29.6955776    
   54.7997360       29.7867622    
   54.8997345       29.8633423    
   54.9997330       29.9250507    
   55.0997314       29.9717712    
   55.1997299       30.0035381    
   55.2997284       30.0205326    
   55.3997269       30.0230827    
   55.4997253       30.0116653    
   55.5997238       29.9868927    
   55.6997223       29.9495106    
   55.7997208       29.9003944    
   55.8997192       29.8405342    
   55.9997177       29.7710266    
   56.0997162       29.6930656    
   56.1997147       29.6079311    
   56.2997131       29.5169716    
   56.3997116       29.4215965    
   56.4997101       29.3232574    
   56.5997086       29.2234364    
   56.6997070       29.1236324    
   56.7997055       29.0253410    
   56.8997040       28.9300423    
   56.9997025       28.8391895    
   57.0997009       28.7541904    
   57.1996994       28.6763935    
   57.2996979       28.6070747    
   57.3996964       28.5474262    
   57.4996948       28.4985447    
   57.5996933       28.4614182    
   57.6996918       28.4369164    
   57.7996902       28.4257832    
   57.8996887       28.4286308    
   57.9996872       28.4459286    
   58.0996857       28.4780045    
   58.1996841       28.5250378    
   58.2996826       28.5870571    
   58.3996811       28.6639442    
   58.4996796       28.7554283    
   58.5996780       28.8610973    
   58.6996765       28.9803925    
   58.7996750       29.1126232    
   58.8996735       29.2569675    
   58.9996719       29.4124813    
   59.0996704       29.5781116    
   59.1996689       29.7527027    
   59.2996674       29.9350109    
   59.3996658       30.1237125    
   59.4996643       30.3174229    
   59.5996628       30.5147057    
   59.6996613       30.7140903    
   59.7996597       30.9140835    
   59.8996582       31.1131859    
   59.9996567       31.3099098    
   60.0996552       31.5027866    
   60.1996536       31.6903915    
   60.2996521       31.8713474    
   60.3996506       32.0443459    
   60.4996490       32.2081604    
   60.5996475       32.3616524    
   60.6996460       32.5037880    
   60.7996445       32.6336441    
   60.8996429       32.7504272    
   60.9996414       32.8534660    
   61.0996399       32.9422340    
   61.1996384       33.0163422    
   61.2996368       33.0755501    
   61.3996353       33.1197662    
   61.4996338       33.1490440    
   61.5996323       33.1635971    
   61.6996307       33.1637764    
   61.7996292       33.1500778    
   61.8996277       33.1231422    
   61.9996262       33.0837364    
   62.0996246       33.0327530    
   62.1996231       32.9711990    
   62.2996216       32.9001923    
   62.3996201       32.8209419    
   62.4996185       32.7347374    
   62.5996170       32.6429405    
   62.6996155       32.5469666    
   62.7996140       32.4482765    
   62.8996124       32.3483543    
   62.9996109       32.2486992    
   63.0996094       32.1508064    
   63.1996078       32.0561523    
   63.2996063       31.9661827    
   63.3996048       31.8822956    
   63.4996033       31.8058281    
   63.5996017       31.7380447    
   63.6996002       31.6801224    
   63.7995987       31.6331406    
   63.8995972       31.5980663    
   63.9995956       31.5757504    
   64.0995941       31.5669155    
   64.1995926       31.5721493    
   64.2995911       31.5918999    
   64.3995895       31.6264687    
   64.4995880       31.6760101    
   64.5995865       31.7405281    
   64.6995850       31.8198776    
   64.7995834       31.9137669    
   64.8995819       32.0217552    
   64.9995804       32.1432648    
   65.0995789       32.2775803    
   65.1995773       32.4238586    
   65.2995758       32.5811386    
   65.3995743       32.7483521    
   65.4995728       32.9243240    
   65.5995712       33.1077957    
   65.6995697       33.2974319    
   65.7995682       33.4918404    
   65.8995667       33.6895790    
   65.9995651       33.8891716    
   66.0995636       34.0891190    
   66.1995621       34.2879257    
   66.2995605       34.4841080    
   66.3995590       34.6762009    
   66.4995575       34.8627892    
   66.5995560       35.0425034    
   66.6995544       35.2140503    
   66.7995529       35.3762131    
   66.8995514       35.5278740    
   66.9995499       35.6680183    
   67.0995483       35.7957420    
   67.1995468       35.9102707    
   67.2995453       36.0109558    
   67.3995438       36.0972939    
   67.4995422       36.1689224    
   67.5995407       36.2256241    
   67.6995392       36.2673340    
   67.7995377       36.2941322    
   67.8995361       36.3062515    
   67.9995346       36.3040733    
   68.0995331       36.2881165    
   68.1995316       36.2590370    
   68.2995300       36.2176285    
   68.3995285       36.1648026    
   68.4995270       36.1015892    
   68.5995255       36.0291176    
   68.6995239       35.9486122    
   68.7995224       35.8613777    
   68.8995209       35.7687836    
   68.9995193       35.6722527    
   69.0995178       35.5732536    
   69.1995163       35.4732704    
   69.2995148       35.3738060    
   69.3995132       35.2763519    
   69.4995117       35.1823807    
   69.5995102       35.0933304    
   69.6995087       35.0105934    
   69.7995071       34.9354935    
   69.8995056       34.8692818    
   69.9995041       34.8131180    
   70.0995026       34.7680626    
   70.1995010       34.7350655    
   70.2994995       34.7149582    
   70.3994980       34.7084389    
   70.4994965       34.7160721    
   70.5994949       34.7382812    
   70.6994934       34.7753448    
   70.7994919       34.8273926    
   70.8994904       34.8944054    
   70.9994888       34.9762115    
   71.0994873       35.0724907    
   71.1994858       35.1827850    
   71.2994843       35.3064880    
   71.3994827       35.4428673    
   71.4994812       35.5910568    
   71.5994797       35.7500763    
   71.6994781       35.9188385    
   71.7994766       36.0961533    
   71.8994751       36.2807503    
   71.9994736       36.4712830    
   72.0994720       36.6663513    
   72.1994705       36.8645020    
   72.2994690       37.0642586    
   72.3994675       37.2641220    
   72.4994659       37.4625931    
   72.5994644       37.6581917    
   72.6994629       37.8494644    
   72.7994614       38.0349960    
   72.8994598       38.2134323    
   72.9994583       38.3834915    
   73.0994568       38.5439758    
   73.1994553       38.6937790    
   73.2994537       38.8319054    
   73.3994522       38.9574738    
   73.4994507       39.0697289    
   73.5994492       39.1680489    
   73.6994476       39.2519493    
   73.7994461       39.3210945    
   73.8994446       39.3752899    
   73.9994431       39.4144974    
   74.0994415       39.4388237    
   74.1994400       39.4485245    
   74.2994385       39.4440002    
   74.3994370       39.4258003    
   74.4994354       39.3946037    
   74.5994339       39.3512192    
   74.6994324       39.2965813    
   74.7994308       39.2317390    
   74.8994293       39.1578369    
   74.9994278       39.0761147    
   75.0994263       38.9878845    
   75.1994247       38.8945312    
   75.2994232       38.7974854    
   75.3994217       38.6982155    
   75.4994202       38.5982170    
   75.5994186       38.4989853    
   75.6994171       38.4020119    
   75.7994156       38.3087654    
   75.8994141       38.2206764    
   75.9994125       38.1391258    
   76.0994110       38.0654259    
   76.1994095       38.0008125    
   76.2994080       37.9464340    
   76.3994064       37.9033318    
   76.4994049       37.8724365    
   76.5994034       37.8545532    
   76.6994019       37.8503647    
   76.7994003       37.8604088    
   76.8993988       37.8850861    
   76.9993973       37.9246521    
   77.0993958       37.9792099    
   77.1993942       38.0487099    
   77.2993927       38.1329613    
   77.3993912       38.2316208    
   77.4993896       38.3442001    
   77.5993881       38.4700775    
   77.6993866       38.6084938    
   77.7993851       38.7585640    
   77.8993835       38.9192924    
   77.9993820       39.0895691    
   78.0993805       39.2681923    
   78.1993790       39.4538765    
   78.2993774       39.6452675    
   78.3993759       39.8409538    
   78.4993744       40.0394783    
   78.5993729       40.2393570    
   78.6993713       40.4390907    
   78.7993698       40.6371841    
   78.8993683       40.8321609    
   78.9993668       41.0225677    
   79.0993652       41.2070045    
   79.1993637       41.3841286    
   79.2993622       41.5526695    
   79.3993607       41.7114410    
   79.4993591       41.8593597    
   79.5993576       41.9954453    
   79.6993561       42.1188354    
   79.7993546       42.2287979    
   79.8993530       42.3247375    
   79.9993515       42.4061928    
   80.0993500       42.4728470    
   80.1993484       42.5245361    
   80.2993469       42.5612450    
   80.3993454       42.5831032    
   80.4993439       42.5903931    
   80.5993423       42.5835419    
   80.6993408       42.5631180    
   80.7993393       42.5298233    
   80.8993378       42.4844894    
   80.9993362       42.4280701    
   81.0993347       42.3616295    
   81.1993332       42.2863312    
   81.2993317       42.2034264    
   81.3993301       42.1142426    
   81.4993286       42.0201721    
   81.5993271       41.9226532    
   81.6993256       41.8231583    
   81.7993240       41.7231827    
   81.8993225       41.6242256    
   81.9993210       41.5277748    
   82.0993195       41.4352913    
   82.1993179       41.3482018    
   82.2993164       41.2678719    
   82.3993149       41.1956062    
   82.4993134       41.1326294    
   82.5993118       41.0800667    
   82.6993103       41.0389442    
   82.7993088       41.0101700    
   82.8993073       40.9945335    
   82.9993057       40.9926910    
   83.0993042       41.0051575    
   83.1993027       41.0323105    
   83.2993011       41.0743790    
   83.3992996       41.1314392    
   83.4992981       41.2034225    
   83.5992966       41.2901115    
   83.6992950       41.3911362    
   83.7992935       41.5059891    
   83.8992920       41.6340179    
   83.9992905       41.7744484    
   84.0992889       41.9263725    
   84.1992874       42.0887756    
   84.2992859       42.2605324    
   84.3992844       42.4404259    
   84.4992828       42.6271591    
   84.5992813       42.8193665    
   84.6992798       43.0156288    
   84.7992783       43.2144814    
   84.8992767       43.4144402    
   84.9992752       43.6140022    
   85.0992737       43.8116760    
   85.1992722       44.0059891    
   85.2992706       44.1954956    
   85.3992691       44.3788033    
   85.4992676       44.5545769    
   85.5992661       44.7215652    
   85.6992645       44.8785973    
   85.7992630       45.0246010    
   85.8992615       45.1586189    
   85.9992599       45.2798119    
   86.0992584       45.3874702    
   86.1992569       45.4810143    
   86.2992554       45.5600128    
   86.3992538       45.6241722    
   86.4992523       45.6733551    
   86.5992508       45.7075653    
   86.6992493       45.7269630    
   86.7992477       45.7318535    
   86.8992462       45.7226868    
   86.9992447       45.7000580    
   87.0992432       45.6646881    
   87.1992416       45.6174316    
   87.2992401       45.5592613    
   87.3992386       45.4912567    
   87.4992371       45.4145966    
   87.5992355       45.3305473    
   87.6992340       45.2404480    
   87.7992325       45.1456985    
   87.8992310       45.0477448    
   87.9992294       44.9480667    
   88.0992279       44.8481560    
   88.1992264       44.7495117    
   88.2992249       44.6536217    
   88.3992233       44.5619431    
   88.4992218       44.4758873    
   88.5992203       44.3968201    
   88.6992188       44.3260269    
   88.7992172       44.2647133    
   88.8992157       44.2139931    
   88.9992142       44.1748734    
   89.0992126       44.1482468    
   89.1992111       44.1348763    
   89.2992096       44.1353951    
   89.3992081       44.1502953    
   89.4992065       44.1799316    
   89.5992050       44.2245064    
   89.6992035       44.2840729    
   89.7992020       44.3585358    
   89.8992004       44.4476509    
   89.9991989       44.5510254    
   90.0991974       44.6681290    
   90.1991959       44.7982903    
   90.2991943       44.9407082    
   90.3991928       45.0944595    
   90.4991913       45.2585068    
   90.5991898       45.4317131    
   90.6991882       45.6128426    
   90.7991867       45.8005905    
   90.8991852       45.9935760    
   90.9991837       46.1903725    
   91.0991821       46.3895149    
   91.1991806       46.5895119    
   91.2991791       46.7888641    
   91.3991776       46.9860802    
   91.4991760       47.1796875    
   91.5991745       47.3682518    
   91.6991730       47.5503922    
   91.7991714       47.7247849    
   91.8991699       47.8901863    
   91.9991684       48.0454445    
   92.0991669       48.1895065    
   92.1991653       48.3214378    
   92.2991638       48.4404144    
   92.3991623       48.5457497    
   92.4991608       48.6368904    
   92.5991592       48.7134247    
   92.6991577       48.7750854    
   92.7991562       48.8217583    
   92.8991547       48.8534775    
   92.9991531       48.8704262    
   93.0991516       48.8729324    
   93.1991501       48.8614731    
   93.2991486       48.8366585    
   93.3991470       48.7992401    
   93.4991455       48.7500877    
   93.5991440       48.6901932    
   93.6991425       48.6206551    
   93.7991409       48.5426712    
   93.8991394       48.4575157    
   93.9991379       48.3665390    
   94.0991364       48.2711525    
   94.1991348       48.1728058    
   94.2991333       48.0729828    
   94.3991318       47.9731789    
   94.4991302       47.8748932    
   94.5991287       47.7796059    
   94.6991272       47.6887703    
   94.7991257       47.6037903    
   94.8991241       47.5260162    
   94.9991226       47.4567261    
   95.0991211       47.3971100    
   95.1991196       47.3482628    
   95.2991180       47.3111725    
   95.3991165       47.2867126    
   95.4991150       47.2756233    
   95.5991135       47.2785149    
   95.6991119       47.2958603    
   95.7991104       47.3279839    
   95.8991089       47.3750648    
   95.9991074       47.4371300    
   96.0991058       47.5140610    
   96.1991043       47.6055908    
   96.2991028       47.7113037    
   96.3991013       47.8306389    
   96.4990997       47.9629097    
   96.5990982       48.1072884    
   96.6990967       48.2628365    
   96.7990952       48.4284973    
   96.8990936       48.6031151    
   96.9990921       48.7854462    
   97.0990906       48.9741669    
   97.1990891       49.1678925    
   97.2990875       49.3651848    
   97.3990860       49.5645752    
   97.4990845       49.7645683    
   97.5990829       49.9636650    
   97.6990814       50.1603775    
   97.7990799       50.3532410    
   97.8990784       50.5408249    
   97.9990768       50.7217598    
   98.0990753       50.8947334    
   98.1990738       51.0585175    
   98.2990723       51.2119751    
   98.3990707       51.3540726    
   98.4990692       51.4838905    
   98.5990677       51.6006317    
   98.6990662       51.7036285    
   98.7990646       51.7923508    
   98.8990631       51.8664131    
   98.9990616       51.9255714    
   99.0990601       51.9697380    
   99.1990585       51.9989700    
   99.2990570       52.0134773    
   99.3990555       52.0136108    
   99.4990540       51.9998703    
   99.5990524       51.9728928    
   99.6990509       51.9334488    
   99.7990494       51.8824310    
   99.8990479       51.8208466    
   99.9990463       51.7498131    
